5 220
14 144
165 297
68 203
282 294
131 266
139 211
180 230
82 144
166 183
94 263
80 167
260 263
69 71
24 101
212 271
102 121
88 278
14 61
53 111
15 163
110 281
208 227
68 134
231 274
121 150
13 145
20 239
47 111
170 270
26 295
146 148
22 84
197 199
10 136
44 141
125 226
11 18
175 249
44 200
38 71
29 250
152 215
105 135
63 278
74 200
164 258
120 215
10 122
116 237
120 143
99 190
86 244
83 201
208 256
219 299
186 256
67 254
93 149
283 298
115 156
39 165
34 183
131 165
75 164
4 62
41 57
17 88
65 192
29 65
41 286
18 279
187 290
48 264
58 127
39 213
196 240
54 103
182 284
104 191
202 236
179 262
163 176
202 219
248 297
287 294
155 170
135 148
35 243
223 241
61 150
4 257
79 268
42 176
68 174
43 154
78 108
2 215
102 272
23 139
260 277
142 243
149 156
105 218
99 275
202 262
45 271
26 126
109 147
36 245
75 147
118 299
35 266
22 222
171 286
96 173
175 210
258 296
187 289
157 189
186 248
209 210
19 288
67 91
171 197
90 105
46 112
42 127
80 227
181 276
40 46
57 232
117 235
77 250
136 139
89 214
148 256
27 138
207 230
180 220
18 255
109 232
108 259
75 189
30 257
110 296
9 35
29 238
15 252
112 231
50 167
119 244
12 53
40 213
7 241
146 294
107 144
0 7
26 53
92 264
67 136
179 245
12 273
61 134
102 189
131 142
0 48
5 135
77 106
96 156
151 198
86 217
11 280
30 218
34 252
178 257
64 207
246 270
49 174
95 193
45 168
129 240
1 34
62 76
20 117
107 250
38 158
170 209
128 185
51 279
31 276
24 48
110 217
60 129
71 292
32 168
74 147
181 238
98 195
93 111
63 152
9 184
3 281
151 225
85 115
97 212
236 254
137 285
84 199
121 297
38 206
209 235
21 249
51 132
92 106
82 223
143 187
261 292
81 208
184 204
151 240
166 272
178 197
162 164
78 186
27 152
21 55
37 109
155 229
162 291
8 23
203 243
69 293
7 194
129 265
97 258
116 280
19 276
56 168
236 267
19 119
124 153
137 286
125 159
25 198
95 119
36 228
185 267
55 233
97 251
113 157
33 49
146 269
161 281
130 268
138 268
115 183
242 255
60 232
282 284
85 295
81 295
31 259
69 221
225 273
79 198
8 223
100 174
3 126
203 233
224 282
46 66
196 224
163 192
182 193
277 290
30 104
57 114
3 234
70 188
138 291
176 188
41 66
80 200
93 238
124 219
44 52
81 222
5 64
62 132
73 199
123 252
17 22
16 101
98 239
47 205
59 78
85 234
10 221
120 290
118 265
64 159
36 140
103 106
113 272
177 269
196 293
21 259
70 264
237 242
1 249
239 261
27 28
237 262
100 218
91 296
59 260
153 229
58 87
56 226
160 214
87 140
42 55
54 162
33 82
8 141
114 271
70 277
128 285
267 269
11 154
37 278
37 51
6 191
95 220
140 185
72 145
25 204
125 169
9 190
16 23
1 222
178 180
133 254
130 275
184 248
16 207
49 94
72 89
155 194
261 289
28 177
123 280
13 253
171 283
76 263
101 134
182 255
45 127
113 221
54 205
6 59
247 287
15 234
20 33
122 167
149 192
210 274
94 229
160 216
285 287
128 230
2 181
31 56
123 228
17 25
74 126
270 273
274 298
172 191
246 275
6 52
12 66
104 112
39 130
247 265
161 179
116 241
161 245
169 253
118 142
103 291
87 98
90 226
86 233
159 228
88 172
2 201
47 145
73 206
92 195
13 28
214 288
224 231
283 284
133 288
100 201
50 89
24 173
143 235
40 154
83 299
107 246
166 193
242 251
175 212
0 83
108 217
157 195
90 114
153 253
96 227
247 289
141 158
50 205
14 158
84 298
63 292
117 172
43 73
133 216
60 206
122 190
65 213
32 225
4 132
160 169
77 173
211 266
52 293
72 204
91 177
124 188
137 194
76 99
211 251
32 150
43 79
58 279
216 244)