0 7
0 83
0 48
1 34
1 222
1 249
2 215
2 181
2 201
3 281
3 234
3 126
4 62
4 132
4 257
5 220
5 64
5 135
6 59
6 191
6 52
7 194
7 241
8 141
8 23
8 223
9 184
9 35
9 190
10 136
10 221
10 122
11 18
11 280
11 154
12 273
12 53
12 66
13 253
13 28
13 145
14 61
14 144
14 158
15 252
15 234
15 163
16 207
16 23
16 101
17 88
17 25
17 22
18 255
18 279
19 288
19 276
19 119
20 117
20 33
20 239
21 55
21 249
21 259
22 222
22 84
23 139
24 48
24 101
24 173
25 204
25 198
26 295
26 126
26 53
27 138
27 28
27 152
28 177
29 250
29 238
29 65
30 257
30 104
30 218
31 56
31 259
31 276
32 168
32 225
32 150
33 82
33 49
34 183
34 252
35 243
35 266
36 228
36 245
36 140
37 51
37 278
37 109
38 158
38 71
38 206
39 165
39 130
39 213
40 46
40 154
40 213
41 286
41 57
41 66
42 127
42 55
42 176
43 73
43 79
43 154
44 200
44 52
44 141
45 127
45 271
45 168
46 66
46 112
47 205
47 111
47 145
48 264
49 174
49 94
50 167
50 89
50 205
51 132
51 279
52 293
53 111
54 103
54 162
54 205
55 233
56 168
56 226
57 114
57 232
58 279
58 127
58 87
59 78
59 260
60 232
60 206
60 129
61 150
61 134
62 76
62 132
63 292
63 152
63 278
64 207
64 159
65 213
65 192
67 91
67 254
67 136
68 174
68 203
68 134
69 293
69 71
69 221
70 264
70 188
70 277
71 292
72 89
72 204
72 145
73 199
73 206
74 147
74 126
74 200
75 147
75 189
75 164
76 99
76 263
77 250
77 173
77 106
78 186
78 108
79 198
79 268
80 200
80 167
80 227
81 222
81 295
81 208
82 223
82 144
83 299
83 201
84 298
84 199
85 115
85 295
85 234
86 233
86 244
86 217
87 140
87 98
88 278
88 172
89 214
90 105
90 114
90 226
91 177
91 296
92 264
92 195
92 106
93 111
93 149
93 238
94 229
94 263
95 119
95 193
95 220
96 227
96 173
96 156
97 258
97 212
97 251
98 239
98 195
99 190
99 275
100 218
100 201
100 174
101 134
102 121
102 189
102 272
103 106
103 291
104 191
104 112
105 135
105 218
107 250
107 246
107 144
108 259
108 217
109 147
109 232
110 281
110 217
110 296
112 231
113 272
113 221
113 157
114 271
115 183
115 156
116 237
116 280
116 241
117 172
117 235
118 142
118 265
118 299
119 244
120 143
120 290
120 215
121 150
121 297
122 167
122 190
123 228
123 280
123 252
124 219
124 188
124 153
125 159
125 169
125 226
128 185
128 230
128 285
129 240
129 265
130 268
130 275
131 266
131 165
131 142
133 288
133 216
133 254
135 148
136 139
137 285
137 194
137 286
138 268
138 291
139 211
140 185
141 158
142 243
143 235
143 187
146 148
146 294
146 269
148 256
149 156
149 192
151 225
151 198
151 240
152 215
153 253
153 229
155 229
155 194
155 170
157 195
157 189
159 228
160 214
160 169
160 216
161 281
161 245
161 179
162 291
162 164
163 192
163 176
164 258
165 297
166 193
166 183
166 272
169 253
170 209
170 270
171 283
171 197
171 286
172 191
175 212
175 210
175 249
176 188
177 269
178 257
178 180
178 197
179 262
179 245
180 220
180 230
181 238
181 276
182 255
182 193
182 284
184 204
184 248
185 267
186 256
186 248
187 290
187 289
196 224
196 293
196 240
197 199
202 262
202 219
202 236
203 233
203 243
207 230
208 256
208 227
209 235
209 210
210 274
211 251
211 266
212 271
214 288
216 244
219 299
223 241
224 282
224 231
225 273
231 274
236 267
236 254
237 262
237 242
239 261
242 251
242 255
246 275
246 270
247 289
247 287
247 265
248 297
258 296
260 263
260 277
261 292
261 289
267 269
270 273
274 298
277 290
282 294
282 284
283 298
283 284
285 287
287 294)

450